4213
1024
3270
411
3703
3321
4000
598
1551
264
581
2170
2996
3792
1426
2935
3334
2864
1785
1806
3431
1529
4891
2394
963
3565
1340
1371
3141
3639
3009
4617
1058
4044
706
2436
1109
2268
1754
2563
393
2968
3983
1428
2286
757
1098
1590
905
1776
3110
792
4360
2293
1742
2107
4538
793
1135
1973
2501
4169
329
2521
458
1112
2634
3209
2449
1009
2168
2763
4543
2760
3607
4743
3244
4362
1020
4018
3366
872
4238
3394
408
3948
3285
2112
3255
32
4122
4284
866
352
4419
1971
3830
690
256
2136
4408
2321
4452
4659
91
1226
1446
2814
335
4976
4615
954
2214
3184
341
1972
2160
787
1295
4370
1499
4729
1688
1139
839
4652
3464
3836
1553
2941
3357
3863
1949
2463
3734
4535
3611
3585
935
622
67
3220
4737
4256
4374
290
2381
4842
2485
2583
806
3433
1459
4304
3419
3336
3584
2669
1585
3354
3124
3769
4102
4638
3189
4147
1635
1605
984
3288
4625
2958
940
712
1398
2794
3378
2487
1025
3742
621
4418
2848
4985
4357
307
729
3897
4228
1223
119
2787
310
694
2024
2834
4518
3921
3399
4501
979
4467
667
3676
4388
2398
3878
2689
4587
824
2913
81
1246
4206
4083
962
469
4271
4028
1378
366
1609
3618
4981
3057
1582
4079
965
4651
1846
4980
829
2756
3944
1840
1992
336
4569
4026
1963
3917
2207
1491
3106
665
810
4939
3642
1883
203
1826
1198
2594
4286
4457
2586
2609
1816
1250
4178
4267
2992
1416
1950
496
4164
4089
4900
1722
728
3903
2884
4497
95
4613
2271
2336
3077
3084
3027
4592
3716
3198
4510
2556
4795
4557
2903
2513
4952
3923
84
4024
71
1361
2662
1938
1244
1535
3382
1497
4359
2886
3808
592
4272
2573
3114
432
3582
815
4142
2922
4800
4567
93
3567
2731
3260
924
2805
1665
378
4799
609
2019
4453
1304
1781
2053
3571
2850
3096
4123
4324
3235
3697
4748
635
944
3167
3407
1031
4366
4407
3606
1725
99
1513
2079
4048
2697
517
4373
1519
1116
2476
816
3000
1809
2312
4684
4627
3548
1236
490
4429
2343
426
1696
3109
1157
948
4080
4886
997
603
1054
2995
1092
919
3569
601
4379
1218
1732
4956
3257
2604
2441
784
306
2942
2612
2773
617
4463
1904
3709
778
3856
3146
2636
2058
3720
4878
3380
1769
3927
1282
4532
3163
2723
2733
2555
4839
3023
3365
4764
2906
3688
2084
1012
1338
3691
2345
3207
616
4417
3241
3558
1096
4469
1014
2678
650
4261
3143
2960
2753
4096
3468
3847
40
4877
2059
2132
1049
2414
2228
3463
3495
2592
2870
511
4330
2811
4262
4349
4991
396
1460
2836
2588
2677
4885
1881
1837
4137
2652
698
2911
4528
1299
4375
3453
298
105
261
1363
4944
4395
501
2956
961
2276
1929
521
2665
2437
803
4105
1556
1002
254
4817
719
646
1527
4770
3094
1945
2686
1487
4829
1310
2936
2003
1404
3609
3900
1634
3293
3125
3417
580
3008
4760
3583
350
3151
286
3018
4328
3789
4821
372
1939
3577
3384
3460
2458
3287
1214
568
3784
3727
2028
4906
3212
3190
1192
2244
3695
1739
456
825
1094
1438
2838
4766
1455
4597
4156
1604
3238
818
4333
3773
4819
132
1217
2880
4023
4964
3444
3153
2395
3710
1828
3275
3447
3942
2582
4709
3058
3278
2807
1004
2193
2585
1166
2823
554
2442
3777
4006
4055
3253
4965
2818
2392
3885
2895
4155
2396
3488
4471
4127
4500
1298
3338
2786
1102
3413
49
4392
878
2211
2307
3998
702
1256
3426
1128
2742
4197
2292
1478
1496
3675
4680
3655
913
1376
709
673
1292
3546
3630
14
1117
2185
1422
2043
2619
2066
2258
2046
1359
2874
1820
4042
4746
3319
574
2016
1036
1389
4633
2998
1879
4768
3490
3180
386
1960
1334
438
4194
1576
4033
1961
2663
3528
4975
3681
1221
1331
1152
1736
172
155
3829
1796
4892
1664
969
2656
2103
513
4911
4190
4572
1118
4312
1187
1245
2682
2257
1562
1181
2305
636
4938
4002
1786
2379
4677
1646
2647
3269
2630
2896
1337
1501
3787
3726
1420
639
1115
53
1747
2572
1924
4485
2105
2182
2126
613
4591
1163
4004
3291
4830
1583
3361
1848
3268
2070
2272
744
746
1027
1108
3938
228
584
4844
3827
321
3573
2781
996
1350
4483
3544
4871
1247
1138
781
2314
4915
2840
1892
4809
2862
2522
1683
1290
2754
725
3785
715
3227
1199
2843
4438
493
68
2538
982
1584
2064
1538
3913
1758
3280
550
3430
2597
399
4950
2210
2495
2999
4529
1991
3311
3673
2690
3772
1083
4942
738
4214
4672
3098
4759
2266
1523
847
4363
1578
3971
4654
1935
3723
4961
1570
4794
2142
4604
4133
3605
2943
2410
2085
4377
2337
3749
2006
4331
2086
4688
1162
223
4335
4933
3411
4226
1447
768
3906
3989
4781
3563
2997
3833
4575
1134
4465
3385
4531
4153
4700
2406
4436
4806
4626
555
1641
3963
2234
2383
198
4998
2683
2223
2504
1953
1778
3875
3597
402
624
3879
3831
121
4287
154
4088
2971
2280
2900
428
1610
975
3970
4458
2600
2484
535
2632
3170
2076
1263
606
2707
3294
2452
1261
3771
989
3002
2603
3987
544
1830
4403
563
1494
4221
1857
484
4718
277
26
94
1032
717
2908
4140
2970
401
2230
2237
3193
2579
4130
4656
1597
2245
23
1695
4945
4003
2919
3629
3162
578
331
1706
9
271
3300
3999
1839
1409
2498
4834
3439
1807
214
1844
4121
2194
2644
2964
2023
3465
3615
654
1
782
2317
1989
2032
537
3540
1424
1647
3045
2736
124
145
1444
4590
3263
3666
756
2425
2262
2779
1421
2369
3409
2950
557
1289
2181
18
334
4507
3828
955
4303
450
880
3092
2525
4398
2102
51
2215
3807
1315
1717
4534
4012
2366
1834
2547
2328
3775
3389
2545
1286
162
1265
3438
4358
3753
845
870
251
2891
3570
2747
4114
745
4161
3230
3974
4326
3857
945
4065
3967
3994
3335
3097
1550
1429
3919
3282
3074
1994
1249
1622
2866
4647
1022
3743
3504
1928
2505
4634
3862
741
2204
2260
4223
1728
2631
1272
1986
4462
1080
4899
2541
3428
441
332
4514
2339
2957
4045
4478
475
4847
409
4918
2902
2111
3119
2780
3328
1237
1113
2088
1560
4671
1291
1926
224
1628
863
2587
1122
4198
2574
3021
943
1525
4811
85
2523
4473
201
2130
3247
2506
1767
422
3690
928
926
1666
88
2360
3462
526
692
1833
532
4468
2826
763
1171
1803
4612
3281
4666
1276
3251
2502
1974
4539
3650
2137
330
4038
3649
1492
2643
4199
3341
549
3736
977
1210
2439
4508
2986
2755
2277
4066
909
2291
1759
4168
1000
1760
4926
2370
3187
361
1915
175
3592
4577
753
127
4251
2356
73
974
1616
4525
4244
4664
699
383
1433
4750
1575
2091
4520
2294
2106
2812
859
618
714
4999
3552
3182
268
495
1440
3960
4384
1536
3088
4132
4667
2393
1668
4414
2477
303
2002
988
112
1143
2049
3491
1381
3388
3452
4778
4316
2342
1831
1384
922
1209
2492
2518
1313
981
126
2264
2351
2018
1493
4343
4170
3804
1932
2648
543
3455
1671
1674
4203
4807
2274
840
4738
279
4629
38
4850
1954
4558
4402
3049
998
3348
4628
160
1505
1670
1088
1601
710
3693
322
990
821
1794
700
3894
390
3920
1549
3596
1365
2837
4029
1051
1311
3249
614
2693
3080
2167
4320
4761
1703
1667
623
1141
3851
4013
3850
780
3562
2981
3
1981
4905
4195
2348
453
2332
3664
58
4317
4247
3774
3392
892
3042
2148
760
1612
4857
1180
1625
135
4662
3788
2675
3738
4144
1645
4649
4561
2792
4412
2253
2281
1472
3014
2915
500
1335
356
871
2909
4904
3331
841
3276
3012
2944
2128
2822
2567
4124
4607
3454
1533
505
4687
4712
3507
3529
2187
3893
686
3414
425
3026
448
1467
4706
4827
3492
1832
4077
1110
1443
2959
1425
314
260
36
1548
3503
2615
1104
418
3899
134
1812
3867
2623
1319
3185
950
3379
1712
1169
2820
3046
2039
3660
1095
1669
4181
2629
4400
3044
2205
4852
2056
2133
2939
2287
3429
751
771
445
2654
1060
2186
414
123
2867
1642
2125
3794
4694
3316
3083
4091
3634
876
2618
2696
3620
999
566
4943
3883
629
4791
4437
2702
2494
2788
3651
3947
1701
1502
1351
1970
561
4233
1571
4691
2118
248
1392
4701
3508
285
258
4776
3932
1875
311
3977
3980
2288
309
3901
488
4334
1360
4949
3047
985
3674
2804
3750
403
147
4476
2577
3136
540
3210
3593
3450
1508
3196
4216
3859
833
1038
1878
3017
405
4255
2610
195
929
1448
2353
4555
4173
3694
681
22
4268
1869
3099
2174
2465
3966
4372
1087
3217
620
1483
29
612
1488
1386
4841
269
4710
4404
4595
1847
2962
47
671
65
3602
3118
2775
2923
1636
2428
13
380
1503
881
3340
798
120
762
148
1308
3188
131
4924
3515
983
2042
4475
2411
176
78
4097
3320
4240
266
4283
3142
2426
1126
1474
2940
3086
4484
4653
1293
3223
3591
4823
2852
1342
2270
3513
2030
542
2146
11
2302
2769
848
783
2330
4250
2418
1189
4859
3458
3252
656
4167
4901
2054
3962
3798
2938
3754
3408
3640
92
489
2552
3289
1431
1943
2412
17
4757
2558
4410
3713
597
4614
250
809
3536
1377
142
3834
4491
400
4589
3959
2951
2416
4545
3648
2635
1898
3476
688
4564
1228
3130
397
2217
3891
2453
3068
607
3729
454
308
1052
3232
2649
3259
1333
4211
3809
375
2751
4421
1655
4661
227
222
2470
3881
672
1914
1003
2965
4935
1507
4509
1285
3090
3670
2055
510
3846
3952
2725
4171
3240
4039
711
2626
4489
2701
657
4034
572
3689
713
1936
2384
3990
4253
2483
3474
319
4341
4382
1672
1753
2680
1947
1412
593
109
2894
834
1859
325
2542
4406
144
3052
2327
1220
1748
3422
2141
2989
4314
3055
3199
1230
4917
4733
2975
1555
927
3075
3935
4849
3786
4425
3070
3111
4762
3633
3292
590
668
447
4537
4553
4869
2249
3441
141
2704
4227
3010
365
2716
1229
1750
3511
2827
2500
1239
736
3864
2550
2721
2099
4522
4040
4415
3007
3644
295
3313
1018
1155
1212
923
291
3457
2764
2514
4837
3353
359
4655
1158
707
586
3969
1053
2738
3778
226
3523
591
1235
2497
2639
1075
2557
114
3838
522
4015
1124
2527
2419
4427
2248
2544
1512
1855
364
4134
4787
1023
3073
1306
3958
858
796
4062
1490
4744
807
3817
993
2083
1017
1423
708
2833
3587
3363
2279
1877
2147
3631
2421
4880
4222
2231
2134
86
4381
1266
3758
1461
718
2467
1197
3832
1902
243
2709
3755
3368
2590
3531
249
4989
57
4909
3067
2226
3747
1933
2289
3174
862
2740
4109
4825
1097
3889
569
2982
516
4368
4058
3395
385
2983
3274
4191
4078
3183
1042
2005
3286
2966
4774
2715
1860
842
1395
2606
2921
2092
608
2700
1721
4426
2282
3822
3332
3665
2955
644
992
4016
3886
4780
1835
889
3299
424
2750
3265
854
1168
1103
2490
4393
3957
3277
1566
903
1567
588
1211
4995
1482
731
4624
2554
3748
183
2660
661
3356
4230
2946
2821
3494
3813
2177
75
3036
4962
4979
3895
615
2560
2853
2135
4095
752
2403
958
2472
3594
894
4205
1044
1224
4321
957
225
3762
3272
2114
4481
938
967
652
822
107
3412
1082
1658
767
1787
3653
3937
60
2512
2269
2692
1233
3533
3113
2050
1871
3845
3803
2206
370
354
2180
791
2100
3456
4103
4752
3134
4236
1909
2718
2857
3560
3358
1617
360
1999
304
2791
2528
506
4921
2471
4727
2869
1710
1232
921
801
4225
2616
3910
4808
2766
3267
4993
827
3672
4420
4496
4513
3669
4241
2657
4698
4992
4391
4833
897
4928
212
2800
3590
986
2316
4573
2433
3062
3735
2037
3410
749
1544
4813
3221
3915
2948
4863
2882
3116
2735
3843
61
2493
3025
3579
4318
4151
1577
1066
677
3768
2729
4219
3004
149
556
619
3149
1294
4474
1348
3191
3154
1056
2892
3375
1466
2082
419
288
1579
4257
754
3306
1856
1842
1297
3237
4084
3425
1063
3448
4675
3489
1618
2290
443
2768
3902
2796
2829
1752
3066
1630
3705
2601
2578
4135
2447
3581
2621
2688
1253
338
282
4742
139
2819
2140
4490
4104
376
4802
3728
1651
115
4411
452
1399
1506
1202
4958
1923
2241
4556
508
3071
2012
1956
3861
3208
1016
4798
4061
4277
327
2057
1518
3482
662
3936
4516
4281
790
3888
3420
2710
3604
1894
4461
2979
377
1406
4951
482
1254
912
3837
3262
1316
3852
4600
2431
2672
2068
3991
1762
3072
3800
3814
1073
2548
2486
1756
4329
3424
1344
575
2397
2871
3551
3273
4635
4547
2098
69
3739
2009
3840
4506
3206
1349
4499
4126
292
165
2917
2658
4758
1800
2254
2367
2526
1730
3158
4960
1808
1559
4264
4174
605
4815
2243
1977
658
4678
1303
2793
3931
3641
2325
333
229
4094
1379
946
2219
970
2469
2158
3178
4047
1101
4482
1788
3089
4692
3233
3765
3575
1964
1780
2096
4010
1829
2220
3214
3554
2881
2052
1614
3011
231
151
4741
1607
437
1962
451
4835
4385
2184
4620
1006
4313
4464
4559
2624
4192
1382
2420
2499
2051
3102
1326
2932
4120
2120
3870
265
3324
596
4365
2924
2846
4136
1074
4717
2797
3496
4150
3367
3186
4805
1572
4279
2491
3995
417
1595
630
2571
4285
4541
1967
3988
357
2090
1458
253
2407
3205
973
3860
4873
2318
3295
4454
722
464
800
473
1380
1270
3539
1934
4021
3105
486
2065
518
4816
1332
4578
3599
3683
4229
2150
1944
2008
3218
2301
1471
3877
1740
1125
4369
4217
4812
1872
2855
4890
2732
2117
4336
2488
80
3868
831
3904
3823
3061
2568
1799
1793
199
902
1173
917
504
1401
826
823
236
2308
2809
1154
43
166
391
2910
3470
4734
1823
4141
2432
1241
2355
4390
1119
802
2162
1029
4106
4011
553
1592
4622
875
4159
4218
4185
1850
4118
337
2036
558
118
347
2169
3405
1300
1906
4640
2681
188
1362
1346
3418
4848
2561
2338
3144
4772
1195
3024
888
2937
531
868
485
3801
1661
1693
2727
3543
4860
168
4119
39
1705
276
3236
2007
1146
843
1327
302
3561
1021
4265
3500
1958
1632
1843
4116
1043
190
3091
2333
907
2025
4789
4753
682
4636
1509
2605
819
1543
4609
3485
2684
2374
1047
3343
2559
4064
103
2772
1815
777
2077
3466
2650
4054
2863
788
2242
30
3954
2261
479
491
1184
1542
4422
3317
4166
1805
1039
4275
1890
3040
45
3138
4810
3148
2400
4295
577
4306
1142
4686
1314
1652
37
4836
3896
2918
627
480
128
4846
3156
1626
678
2154
3725
4310
3359
2027
3820
3459
1072
2113
3752
4232
316
1911
389
2625
4648
3872
4443
2238
795
3933
1900
503
4756
2310
3806
1185
1581
4953
2978
4968
4974
1129
941
2905
4582
362
3304
1678
3059
2251
2199
1372
1132
4068
326
2034
3905
2176
3161
3028
494
4658
1734
358
1524
1183
634
721
4581
534
2371
3372
2816
1091
2799
2014
1644
1782
2000
2284
59
4455
3797
4618
4138
3677
1663
1225
2777
956
2323
3387
2885
3730
720
3918
1773
1495
3821
2703
374
4665
908
2584
2364
4736
3173
1591
2694
4853
959
2854
3811
235
1186
2045
4959
3912
1565
2761
4745
4988
2165
3451
1764
4982
4845
3767
3525
4755
4346
528
1274
547
4297
1680
952
4325
1557
1516
3093
2969
666
1196
444
355
262
169
1387
2717
4051
420
3625
1530
1106
293
2509
2928
1541
1983
4152
3063
4566
1177
4702
898
3978
3427
2808
3069
1231
794
3740
538
2191
133
901
3342
670
814
1640
79
789
1952
2676
2387
910
4907
3030
4157
208
4036
3541
3704
1148
1301
971
313
2151
1484
487
2726
3684
4009
1035
4231
4057
2190
1133
2801
4139
232
4719
739
297
3844
1798
3950
1534
461
4608
4997
3816
3708
274
1081
4930
3121
1430
4824
1993
1563
457
4158
573
4273
2464
4456
2708
1172
1948
3929
33
509
46
920
817
3398
3887
4396
406
523
3371
2382
1719
1037
4683
4923
3393
1700
3051
3628
4269
4862
4641
2507
3054
4726
3712
3481
3177
3632
2890
2259
152
4773
4189
1271
3505
4771
312
423
1277
3601
4763
1397
3526
2123
4332
1558
381
4831
2666
2748
3337
4207
684
3065
1161
4220
10
4252
4936
394
3731
125
4713
3744
1587
2172
576
1687
4984
4188
140
4107
3165
4145
3776
150
2347
344
218
4715
4548
2157
2759
1064
4108
640
4276
3627
3031
318
1120
2285
477
34
3225
1657
2061
4897
836
2326
3578
512
1783
3256
4364
4739
1476
3103
2344
1895
4571
3222
1320
4179
4751
3679
1654
4311
4994
1884
2320
4290
1624
66
4423
4551
2233
4063
3940
2930
2139
3297
1251
705
3242
0
2094
1821
465
1980
1749
2152
3400
4550
4342
1410
2451
1240
1356
3192
3890
1737
3171
1279
1849
4294
98
1093
216
2424
2714
4972
3254
1802
90
4442
1390
497
4696
1726
4209
1164
2637
2529
3715
2679
4099
110
2515
237
934
4355
2642
3498
1862
3246
4495
483
1676
3377
1408
1050
4977
1731
2741
388
1364
1724
560
4494
3568
3305
4679
1200
62
2303
4517
4435
4446
1114
541
246
1323
1296
2954
4445
3461
2361
1814
2013
3617
1978
273
1498
1435
1727
1076
1586
2448
2166
2831
2324
587
589
3682
1357
3600
4978
1988
1861
1720
3955
439
1045
2876
4894
3654
3034
1608
3443
2074
960
602
4200
4875
2737
4914
3658
4487
2841
3307
570
3892
2473
4073
2925
4299
1178
3780
2952
3542
600
136
1193
4212
1699
3656
951
207
2296
1182
3194
2607
2067
3668
1702
1568
1312
1811
4565
3349
2927
1415
239
1479
431
853
467
904
726
2907
1147
4074
2409
595
3608
4069
2048
12
353
893
737
455
2156
2334
1107
835
4685
1354
966
2858
3555
4670
4898
3035
2990
2163
1275
2265
8
4067
3401
548
3667
4895
3855
171
2562
4843
2201
3350
2138
1540
4172
978
1735
4486
685
4493
2991
1207
4523
2719
2352
4308
2110
3487
2159
1201
1176
2722
1930
4699
4027
3945
1588
3228
4298
3391
4519
1137
2730
660
4085
1259
918
696
2405
4866
3245
779
1775
2758
2208
1405
3714
4754
1485
4954
3370
1414
2295
412
949
42
861
755
2565
185
2674
430
462
2450
1480
4001
421
242
2122
471
2765
1684
1755
4601
704
4511
3108
774
1504
3589
2229
4037
884
887
2967
1242
4703
770
828
2196
2149
4101
3302
911
2454
2459
1867
683
3825
3019
2072
4996
4568
2720
1561
4747
4682
529
4146
159
3763
4052
346
4337
404
130
4505
255
4258
2362
2240
369
4512
3095
3101
2131
2832
632
2022
2608
4697
4148
345
4983
2457
2489
1942
1396
2474
651
1067
28
1329
4660
3538
4987
1941
1771
146
3445
786
643
637
734
2376
3147
2564
1175
520
4957
3572
4387
2010
2570
2534
4533
2427
4740
3981
3155
1836
3346
1920
939
626
1324
4596
3553
1709
177
2359
4405
2752
3916
732
3698
3038
1580
283
2078
413
3175
1144
1838
2404
387
1673
2713
474
3327
3949
2539
4695
1866
2785
2236
187
1675
932
3576
899
1638
83
143
2744
4022
194
2306
4431
2026
653
156
2668
1876
885
367
2671
4732
3815
3477
3150
3659
4527
1984
4963
2536
2081
1305
991
4354
648
3053
2200
2824
2749
1309
925
4777
1643
527
679
2178
3231
3764
1888
476
3376
2175
1260
2047
2183
2847
3965
857
3104
2617
4910
1864
1019
4586
641
4920
2192
1870
1156
3312
1745
373
4176
1366
3869
1521
1358
1243
4820
764
4955
3854
2365
669
4526
2388
1307
4967
3352
3537
2598
3796
2517
1599
804
280
4603
2646
2757
4784
3041
4723
1322
675
3799
3943
1368
2273
4307
3132
1071
3087
4731
1704
3871
4705
2408
3866
4818
1160
2283
4196
3588
3745
4874
449
2889
87
2443
2535
498
865
2711
3032
1190
3301
4280
3635
410
3661
4076
2093
2278
3203
2062
50
4934
4210
1215
186
4503
238
2119
3152
252
4585
4245
1686
1463
1159
1030
3711
4060
4822
3521
2845
3390
4053
4347
3064
3550
129
1179
4990
320
1532
3078
2599
2984
799
2446
2931
2350
4353
2734
846
4722
2235
1413
1547
63
2171
849
2503
4674
4112
3298
4616
4542
1268
1660
4165
2803
4643
2075
3911
3547
3060
3211
3626
4861
2622
178
1741
3239
1927
3107
519
4872
4599
1979
3197
2435
2189
4855
2071
4160
2790
181
864
1149
3435
4646
2705
3701
164
3909
3139
2298
4828
1873
2087
3261
3160
348
1068
2357
2035
1537
3928
3501
1940
3564
3791
724
2810
2963
4721
213
4832
1033
233
4376
4693
3865
1510
1917
15
1885
3973
625
4479
3250
4432
545
4399
533
3506
1690
2897
2934
769
1077
3718
1252
3527
3386
2063
1477
3516
1744
776
2060
2580
1131
2378
4356
2988
785
1653
3953
1515
3133
3619
1708
1347
4460
1817
3939
1145
4826
2399
664
3369
3623
797
1845
173
2877
1746
1264
3258
3985
1174
3310
3137
1369
4735
1620
340
1457
2638
3271
82
2073
697
3781
1089
1633
2329
1573
3215
2898
2198
2309
747
1886
1552
4224
1343
3421
987
3790
1008
3437
773
571
1564
3993
4544
4645
4149
2508
158
16
1692
2173
1070
167
4540
1123
2589
2373
1248
3131
4072
2033
4163
759
4947
2861
3159
2377
328
2153
1528
3702
4090
2974
3802
4580
2481
342
241
536
299
259
1594
3355
633
3347
3264
4858
2358
3339
2391
552
2315
3848
2739
3204
1913
4338
1208
2904
4913
4838
628
4797
2987
31
2224
1465
1520
4296
2475
3622
4796
4098
4549
4876
638
4125
1865
1662
55
2368
3123
3884
2478
4804
4100
3643
3873
3874
4447
3374
896
2029
1899
611
193
539
1121
2815
2020
2519
4007
1099
435
740
4689
1269
2602
2641
76
2576
1995
3029
1057
4870
4593
1086
3880
1648
2015
3700
3934
2044
3195
1325
191
4260
1768
3486
192
4623
2031
416
157
4865
3545
3440
2222
1374
3662
1650
1005
1918
995
3122
4350
4386
1804
1603
2540
4970
481
1545
3112
933
4856
3172
610
867
3984
3518
1013
647
4340
3360
4560
2830
4925
3717
4606
2322
415
748
4339
2297
4583
2878
4289
1751
1765
2202
980
170
4434
2041
446
1887
758
339
1931
1733
429
3326
3853
4594
466
4014
1889
1100
3416
211
4792
4075
3722
247
215
440
1611
3782
4480
1170
1919
2124
1619
2872
1489
2267
4704
4896
1436
4785
56
4881
631
3818
180
2246
873
2549
1048
2300
1453
3637
174
2655
1975
3234
4278
852
202
4720
4451
2993
3824
1774
1639
3284
3612
4707
2389
1062
1985
4081
1852
4502
4424
3699
4305
942
2817
138
994
1321
972
838
2445
1469
3858
3283
2520
1481
906
3048
257
1336
4071
324
189
583
2444
3685
2575
3128
3746
3961
2883
2856
4440
3549
1623
4632
1738
204
1278
4588
1998
1486
3473
2197
263
3979
1273
2842
2390
811
2440
427
296
3497
3535
703
1041
300
1449
2953
4868
4749
2080
1234
3908
1330
267
727
3475
3586
196
2496
3741
4183
2434
3724
2771
1069
4345
1255
4681
1685
3975
2933
524
4711
2868
4793
2543
1598
44
1946
1937
4187
869
2511
442
4879
3308
4657
3081
2438
3580
2116
4515
3364
1373
2203
1136
4663
4288
4319
4263
1394
4570
4803
2209
2691
70
436
2879
2363
3524
525
2255
2456
1400
1694
4893
1596
2429
3751
1288
2778
2633
1317
492
2806
2372
4117
3318
2887
3483
3315
3396
349
2972
1891
4669
4650
4380
1784
382
1822
4937
2844
3219
2776
104
2250
765
371
3100
2109
3202
3922
733
4292
2581
1997
4765
2746
384
3140
1238
2221
3039
2430
1790
3243
1419
2789
4966
915
89
3467
4767
2566
1441
1439
2888
1987
1302
4093
1204
515
1810
1969
3266
3325
4971
2762
161
25
3479
2767
478
1711
4562
1797
1403
701
1896
108
1522
4115
4779
270
3120
4416
1965
1191
1219
2101
1715
3314
3534
2001
582
3020
1127
4902
1801
4401
4175
4202
1434
460
3603
2466
2673
2127
3976
3647
1526
3115
2247
594
2422
2985
1028
4986
3322
27
3345
3449
2712
4049
1514
234
2651
2108
343
4788
2825
649
3646
3706
102
2828
4867
4208
3737
1854
2069
930
4430
305
3333
2664
2980
3770
1841
3951
3145
4186
2531
468
3005
2299
691
3819
4300
937
1743
1011
4383
4020
72
7
4524
813
4344
4323
3403
1631
2724
4032
2914
2097
3692
2455
2546
4574
323
3469
1723
1167
284
2849
4466
1656
1546
1262
1819
4536
3757
1456
4291
4243
567
2614
693
1824
1589
2115
830
3522
315
2685
895
1795
2232
1615
742
3930
4444
2413
2311
502
1966
179
976
3559
3657
674
200
3383
3721
837
1602
3434
564
2627
1569
3493
3793
886
459
1007
3226
2335
1393
3645
4254
2275
1065
723
2161
433
3043
3992
4378
2976
317
4043
4031
3652
2195
2482
3598
1511
4554
1910
4941
4315
1287
4177
3179
3472
1085
2532
3972
4204
3914
2813
2479
2385
1473
4488
4470
2901
1450
2480
2670
1659
2375
1851
2613
3898
3621
3756
1905
2596
230
4017
4293
900
4883
2533
3168
1470
4282
1280
4775
1600
3423
1827
1385
2593
2089
2461
2553
2667
3512
1383
4193
1010
1901
3624
2973
35
3636
111
4450
1903
820
113
3003
2875
4322
3166
2213
2661
4030
914
4361
3759
245
562
2038
4056
379
3876
964
4025
1015
3478
4352
3169
3229
4610
559
1922
585
4969
1606
1770
4889
3351
507
1055
2687
4948
184
3033
395
1789
2699
1757
2551
1090
272
4882
1813
1921
4397
2916
4922
3164
4783
676
735
4111
655
1328
4639
4630
1222
1517
1427
3016
4940
2144
2873
4598
3779
4786
1284
546
1040
3157
2640
3968
953
1691
1677
4441
3013
4154
2304
4266
4642
2783
565
1818
3616
3056
2893
2530
3502
775
599
1153
2798
2380
1637
1777
2802
2835
968
472
3557
3520
117
275
3296
1925
1281
4215
1402
1982
2402
2977
4184
3224
3216
3925
1531
805
4903
4050
3671
645
210
2698
1697
3404
2417
1203
4724
197
4433
4973
1772
1880
766
4714
24
41
3079
100
1417
3826
3614
3707
3510
4082
3022
4676
730
642
3085
206
1454
2212
1897
2313
2795
4371
287
4908
2340
1689
808
3006
916
2346
1451
3484
21
855
1411
4919
1574
3517
2256
1151
4162
2899
2104
4931
4864
3760
4854
1205
2782
4259
1407
4782
1868
3719
4932
4019
2227
2401
3946
4394
398
3556
3761
3810
2774
4035
4274
301
4428
4579
1475
2164
1957
217
2945
4180
74
2216
891
4716
2021
4409
879
1258
4472
1853
750
1893
281
2591
877
1679
4769
3663
890
3181
551
2537
2628
2218
1996
4242
221
3783
3638
1370
499
4673
4302
1061
4239
3290
2743
3303
874
2225
4563
3402
2341
220
4730
812
122
772
244
4546
1882
1130
2728
1257
4348
1825
2331
2155
470
3001
2745
1681
3381
2252
2516
3201
4046
3926
3037
2653
3595
4912
4087
1227
4552
3842
6
2017
1763
2143
1283
2510
1714
3213
2784
1858
3373
3309
97
3330
1916
1716
1968
2994
116
2415
4790
3610
4439
4248
4492
2011
1468
2145
1375
3248
4367
4234
3436
3514
3687
3200
3566
54
695
2423
3415
1874
4143
2706
1500
604
2040
2865
4888
4946
2912
4110
2961
1388
1367
882
947
2860
2386
1034
3135
2179
2659
1084
3117
2645
4389
3795
3076
48
1001
5
101
1976
3812
3924
659
1629
4235
3941
4504
3323
209
2859
743
3766
2524
4059
1729
1059
4725
4498
52
2569
4246
1188
1339
1341
3532
3126
4690
3678
3839
1682
761
1863
851
1908
3530
4916
3499
368
1593
1766
3397
514
3841
1707
2354
1442
1955
4309
3015
163
3997
1452
3344
278
579
4605
3362
1792
3509
3956
3849
4929
3127
4449
2349
2462
4351
205
4668
2595
4884
1355
1698
663
1140
96
1150
3805
2263
4887
4728
4619
1791
3050
936
106
77
3406
1464
2947
3442
2920
4801
4131
2929
434
1462
1079
1613
1026
3129
4851
4129
3279
1761
3964
3432
3732
1318
2695
4602
2319
4270
19
4237
1554
2004
1353
407
2839
1718
4576
4621
4008
530
3480
3519
3882
1907
3835
153
219
3613
4005
2460
3680
3982
2851
3082
4631
1345
1990
1194
1627
4301
1649
2
2949
4201
1951
1445
240
1078
4637
3986
4113
351
4092
4814
4249
3686
4708
363
832
4086
687
2239
64
844
2129
20
856
3696
1432
4182
2095
1391
182
1267
4840
4459
3996
1206
1165
4041
3907
1418
3176
3446
4
883
3329
2121
716
137
4070
1216
4521
1621
4448
1713
3574
1779
2620
4611
1213
4327
2468
4927
2926
680
4128
4477
3471
2770
860
931
689
289
1111
1912
1046
3733
463
392
1352
1105
4584
4530
4413
294
2188
2611
4644
1539
850
1437
1959
