276
749
283
86
916
812
174
738
630
468
546
489
553
536
314
983
613
384
707
331
601
567
746
942
699
293
508
593
752
265
992
740
317
103
289
815
460
379
716
237
836
526
993
91
793
656
679
852
623
199
661
640
253
415
461
33
177
943
807
850
301
172
935
789
500
578
986
604
343
599
607
976
698
882
344
243
730
873
990
794
723
250
264
435
54
646
78
164
423
372
246
115
107
362
148
614
387
605
346
512
542
686
645
713
111
227
375
651
955
930
151
473
598
359
892
959
711
183
401
967
255
123
996
849
831
669
800
909
214
53
649
279
167
565
704
627
620
968
429
310
304
900
190
271
662
709
757
870
281
695
480
809
588
340
327
89
626
82
31
948
808
203
595
624
971
385
923
817
443
616
295
405
550
832
637
450
424
954
939
316
19
783
974
93
989
470
763
834
940
370
228
270
690
39
419
982
28
135
814
277
288
418
326
280
392
15
688
802
960
582
137
785
912
521
847
116
134
456
755
777
128
799
619
754
369
84
191
266
558
710
963
729
308
535
984
871
591
507
330
778
249
547
347
771
978
55
725
517
673
394
917
838
753
629
478
682
152
18
524
49
577
652
444
884
798
720
519
600
634
269
216
259
482
687
527
449
95
561
98
555
958
222
355
323
528
254
180
664
215
356
680
576
925
218
855
618
162
973
530
434
305
525
439
513
156
768
328
953
979
319
207
654
966
412
965
587
318
717
782
120
573
333
880
949
545
644
438
775
341
796
181
21
921
774
636
309
46
466
844
411
302
914
261
25
342
12
462
425
804
426
393
503
65
685
13
674
47
287
16
483
30
142
463
106
163
231
590
743
407
336
496
285
540
612
819
239
734
413
143
675
275
822
153
194
767
230
823
868
0
121
144
208
442
70
102
696
764
592
307
504
313
896
161
721
824
511
479
268
472
841
299
860
374
485
3
60
495
420
681
762
221
262
488
160
969
414
728
361
936
166
4
735
859
236
885
475
273
83
366
534
518
826
583
56
381
758
428
140
373
875
247
109
828
8
866
117
484
931
132
842
784
238
345
149
193
217
357
454
224
447
71
440
554
702
862
187
51
409
260
970
168
889
714
368
410
628
877
950
893
683
818
585
703
66
72
272
853
756
235
391
205
556
854
75
371
79
278
433
908
136
20
813
660
212
232
324
881
169
878
642
34
41
568
584
329
432
602
575
736
907
915
294
157
898
668
476
87
306
378
732
705
520
73
772
788
863
650
910
933
639
11
100
7
68
2
946
474
427
648
244
50
532
706
727
761
322
995
127
200
750
938
458
284
226
932
745
110
548
922
364
760
97
487
147
185
189
927
665
840
179
464
242
902
795
14
248
390
666
786
903
541
332
911
676
145
197
533
737
835
689
719
192
448
154
240
338
891
129
417
402
621
544
492
924
972
292
465
562
957
133
36
801
589
913
452
353
233
820
667
165
252
610
641
975
945
856
441
453
159
35
223
934
888
498
846
928
994
9
457
538
219
655
552
929
691
857
869
196
724
131
469
985
747
510
596
213
712
325
45
872
671
37
692
564
23
195
920
467
759
574
29
315
733
477
803
210
40
638
335
122
677
101
806
446
701
113
505
459
718
182
76
321
382
748
947
114
678
421
597
80
26
594
380
209
282
32
633
811
360
731
408
659
437
367
827
791
918
781
349
491
350
657
320
150
267
606
188
980
126
615
10
941
398
797
1
830
202
501
388
211
63
6
586
663
256
296
741
697
64
790
952
557
257
792
961
334
529
751
184
493
258
104
670
395
742
514
61
416
422
5
887
956
431
739
861
124
571
403
399
559
62
365
389
779
805
821
825
146
523
471
622
445
537
919
406
829
708
173
48
998
570
647
383
43
879
119
176
74
572
551
241
17
609
744
298
291
481
997
94
569
905
348
897
337
693
451
944
848
178
608
773
566
274
904
515
890
351
141
672
27
377
455
486
155
580
118
138
400
354
531
81
894
581
631
951
90
204
77
225
833
787
653
297
69
886
499
24
765
851
430
42
311
386
658
964
899
843
635
780
981
234
436
99
59
694
988
358
175
883
858
522
186
339
506
67
201
700
625
112
864
494
125
937
999
962
57
303
906
290
549
352
229
874
867
38
52
776
837
766
497
643
22
171
85
579
44
404
895
876
563
901
991
220
502
108
263
715
170
286
839
490
516
810
130
88
722
509
376
684
397
206
312
977
105
396
845
770
363
769
816
251
198
726
632
96
560
245
139
543
617
611
158
865
926
539
603
92
300
58
987
